    1.78000e+00 
    2.16000e+00 
    2.37000e+00 
    2.76000e+00 
    2.76000e+00 
    3.34000e+00 
    3.60000e+00 
    4.06000e+00 
    4.40000e+00 
    4.46000e+00 
    4.78000e+00 
    5.54000e+00 
    6.42000e+00 
    6.62000e+00 
    6.85000e+00 
    7.78000e+00 
    7.80000e+00 
    7.92000e+00 
    8.90000e+00 
    9.13000e+00 
    9.26000e+00 
    9.80000e+00 
    1.10000e+01 
    1.14800e+01 
    1.16000e+01 
    1.18900e+01 
    1.23000e+01 
    1.24400e+01 
    1.37000e+01 
    1.53000e+01 
    1.54000e+01 
    1.58300e+01 
    1.66000e+01 
    1.76000e+01 
    1.83700e+01 
    1.87000e+01 
    2.11000e+01 
    2.20700e+01 
    2.55500e+01 
    2.71000e+01 
    2.72000e+01 
    2.95000e+01 
    3.10000e+01 
    3.18800e+01 
    3.30000e+01 
    4.18000e+01 
    4.66000e+01 
    5.10000e+01 
    5.89500e+01 
    6.16000e+01 
    6.58000e+01 
    6.62000e+01 
    6.95000e+01 
    7.48000e+01 
    8.11000e+01 
    8.24000e+01 
    8.54000e+01 
    8.90000e+01 
    8.91700e+01 
    9.11000e+01 
    9.48000e+01 
    9.52000e+01 
    9.60800e+01 
    1.03000e+02 
    1.04000e+02 
    1.11000e+02 
    1.20000e+02 
    1.32000e+02 
    1.38000e+02 
    1.40100e+02 
    1.43000e+02 
    1.44100e+02 
    1.52100e+02 
    1.52200e+02 
    1.60700e+02 
    1.62000e+02 
    1.69300e+02 
    1.70840e+02 
    1.72400e+02 
    1.87000e+02 
    1.98000e+02 
    2.02000e+02 
    2.02000e+02 
    2.02500e+02 
    2.14000e+02 
    2.20000e+02 
    2.21000e+02 
    2.63600e+02 
    2.72000e+02 
    2.72000e+02 
    2.80400e+02 
    2.92000e+02 
    2.93000e+02 
    3.04500e+02 
    3.23200e+02 
    3.27000e+02 
    3.42000e+02 
    3.49900e+02 
    3.58610e+02 
    4.04000e+02 
    4.37000e+02 
    4.52000e+02 
    5.03000e+02 
    5.06000e+02 
    5.64800e+02 
    6.45000e+02 
    6.60000e+02 
    7.00000e+02 
    7.02000e+02 
    7.15000e+02 
    7.26000e+02 
    7.29000e+02 
    7.55500e+02 
    8.35000e+02 
    8.62000e+02 
    8.92800e+02 
    9.67000e+02 
    1.24700e+03 
    1.32300e+03 
    1.41300e+03 
